(44, 51.705326086956504)
(35, 46.867454545454535)
(2, 50.801610169491525)
(47, 50.189534883720924)
(29, 45.750272727272716)
(91, 51.013846153846146)
(70, 49.70601851851851)
(85, 52.41361904761905)
(53, 52.6095744680851)
(14, 47.350300000000004)
(51, 48.77666666666667)
(42, 56.96840000000003)
(79, 46.79716049382717)
(50, 45.6289898989899)
(20, 51.4559574468085)
(15, 52.05298076923078)
(5, 49.043763440860204)
(48, 51.58035294117647)
(31, 47.6505)
(4, 49.63969072164951)
(36, 51.54277108433732)
(57, 50.86153846153846)
(12, 50.70206521739129)
(22, 53.398404255319136)
(54, 49.312113821138205)
(0, 47.221794871794856)
(88, 47.82722772277227)
(86, 48.125588235294124)
(13, 50.202528735632185)
(40, 45.495)
(98, 48.83250000000001)
(55, 50.45800000000002)
(95, 50.27670103092785)
(61, 53.89686274509802)
(27, 47.26817307692307)
(78, 51.414886363636356)
(83, 47.79175257731956)
(6, 51.40838095238094)
(26, 46.05614035087719)
(75, 46.42777777777779)
(25, 51.608265306122455)
(71, 55.006055045871584)
(39, 52.04294117647058)
(60, 53.06010526315789)
(97, 53.367767857142816)
(7, 50.58585106382979)
(21, 50.07882978723404)
(69, 51.230100000000014)
(37, 45.9728155339806)
(1, 44.67207207207208)
(64, 49.42700934579435)
(82, 49.10704081632651)
(72, 53.374399999999994)
(99, 45.350978260869546)
(34, 50.76952380952381)
(73, 52.59491525423728)
(49, 45.77708333333333)
(8, 49.704864864864874)
(46, 51.8531304347826)
(23, 48.1267857142857)
(19, 51.62683673469386)
(65, 48.49386792452829)
(80, 54.97511627906977)
(16, 45.679449541284406)
(9, 51.676213592233)
(18, 47.77932038834952)
(59, 51.299)
(74, 49.43755319148935)
(30, 47.0822641509434)
(56, 47.01019999999998)
(90, 51.363203883495125)
(68, 55.43869565217389)
(11, 47.7063888888889)
(10, 49.68762886597939)
(41, 53.18509433962264)
(58, 52.28586538461539)
(87, 54.23333333333333)
(17, 52.97557894736841)
(33, 50.525576923076905)
(62, 52.01306930693071)
(92, 54.89061224489797)
(76, 53.3066304347826)
(66, 50.343225806451606)
(43, 51.62336538461538)
(52, 53.52102040816325)
(77, 55.48371794871793)
(81, 50.12460784313725)
(84, 48.468124999999986)
(3, 51.20472527472528)
(93, 49.212616822429915)
(89, 48.03445544554454)
(45, 44.72135135135135)
(24, 51.06718446601945)
(96, 43.60255555555557)
(67, 47.42936842105263)
(63, 47.92168141592921)
(94, 45.66908163265305)
(32, 53.35970873786412)
(38, 49.47939393939396)
(28, 51.55371134020617)
